1.6586786627943
2.104530114846
1.7834032487597
1.9246051041226
2.3497576972432
1.880396349202
1.817702272406
1.9754147301706
1.3377973335498
3.1720840432491
2.0301499638119
1.2638238473978
2.1410776715258
2.4926175722532
1.8456770250525
2.0972427419608
2.3970469733385
3.2369645350921
1.1137669025396
1.6842810750531
2.3139040557487
2.1652917050895
1.6426029754788
1.8113960681761
2.2111757141428
1.939119369811
1.8944040796083
1.245612703432
1.9342040643774
2.1766526999831
1.5885162643766
2.7280955070055
2.0849096244066
2.1419453091281
1.6899825551783
1.6583297290774
1.6319011109836
1.9077370683774
1.9680195503636
2.1650782647856
1.9986256700256
2.7803134539132
1.8420265043974
2.7550330772496
1.7697908386224
1.8564591537449
2.562304002503
1.7732158455341
2.1324663920395
1.668288173764
3.5897870365424
2.0562041009318
4.4994643214822
2.9433746201097
4.607582398417
3.7431824630348
3.5275873881307
5.4858292771684
4.305962003296
4.4174456890528
2.2147714745629
1.7658344590441
4.1334715005242
3.9564297735158
2.4580467260626
4.5182705269527
3.3061212674525
4.1455659587863
2.1454877173554
2.8813466928473
2.6796192188512
4.9089601909113
2.2357390319443
2.3984730308287
2.2978318048038
1.9585264160024
2.1402321182009
3.2908901445026
1.7048270407174
2.4319489531286
2.1734271435217
2.122856186115
2.2600292696176
3.670562837138
3.6430665139364
4.2408761654324
2.6975567519093
2.5443207894397
2.8565032087529
2.5392125916353
1.6434713213132
2.2429368389191
0.94637016371309
2.4165166907756
3.0925232674278
2.2463808649207
2.5634179821866
2.7552311089856
3.6549989796791
2.4228487494026
