2.202400373955
1.1972999339496
2.6313279504527
1.7260111053649
2.6874018222142
2.246317490562
2.0828732394302
3.1317278429441
2.4939142887453
2.6110985886422
1.262243632051
1.088741375547
2.3111786885814
2.310085386881
1.4972414759996
2.6410048419184
1.9739399375536
2.3379089472525
1.2045212397688
1.8344936067523
1.593824508083
2.8256597025077
1.2530627039569
1.4163228111401
1.3860019425796
1.1955089755196
1.2957191644321
1.9284547508943
1.045712435384
1.4290672972861
1.2941148260289
1.2754827595718
1.3170683877554
2.1185894257054
2.1527630048898
2.5220999471235
1.6282483915361
1.5473975236174
1.6687783960418
1.5508487949713
0.96321883511495
1.3034666127353
0.54919076883382
1.4235051628466
1.8252302202797
1.3734242031178
1.5007128947253
1.6581202625151
2.1674629154928
1.429109581649
