1.3518485892661
0.72343986791468
1.5297157948676
1.0499339580778
1.5783640409231
1.3658704122114
1.243559208055
1.7785012027033
1.4507300053992
1.5616958670681
0.7374151369199
0.70445171492802
1.3054325912818
1.3753264366302
0.92505250687156
1.547154732518
1.1903439987056
1.3458563817333
0.70320604669463
1.1771889598896
0.97411468794013
1.6408926613294
0.72586380763115
0.85809863380577
0.86665940903703
0.76484509720009
0.81943555187149
1.1558676711434
0.66863140504215
0.86318467996476
0.79805199386328
0.7970075883791
0.80317884158475
1.2431111557731
1.2899358336527
1.5062913174742
1.0493698174641
0.96696403597043
0.99506584612684
0.97055384448312
0.59089700840865
0.77765233467427
0.33744714127382
0.85995148243703
1.11042219595
0.87471647532028
0.91252184724114
1.0420204126978
1.3333929904446
0.87231776859599
